Instance:RC-101_100
Configuration:1_4
UpperBound:1619.8000000000002
LowerBound:1619.8000000000018
GAP:-9.826001531686777E-14
Iterations:185
NumberOfColumns:1788
NumberOfColumns_IniStep:200
NumberOfColumns_Additional:1588
NumberOfCuts:1044
ComputationalTime:11.32209797
