Instance:R-103_100
Configuration:1_4
UpperBound:1208.7
LowerBound:1208.6999999999998
GAP:1.881142346680169E-14
Iterations:155
NumberOfColumns:1829
NumberOfColumns_IniStep:200
NumberOfColumns_Additional:1629
NumberOfCuts:317
ComputationalTime:13.520438473
