Instance:R-105_100
Configuration:1_4
UpperBound:1355.3
LowerBound:1355.3000000000004
GAP:-3.355326133597463E-14
Iterations:185
NumberOfColumns:1821
NumberOfColumns_IniStep:200
NumberOfColumns_Additional:1621
NumberOfCuts:508
ComputationalTime:13.1978316
