Instance:R-109_50
Configuration:1_4
UpperBound:786.8
LowerBound:786.8000000000001
GAP:-1.444926763111541E-14
Iterations:137
NumberOfColumns:803
NumberOfColumns_IniStep:100
NumberOfColumns_Additional:703
NumberOfCuts:487
ComputationalTime:7.843658788
