Instance:C-108_100
Configuration:1_4
UpperBound:827.3000000000001
LowerBound:827.3000000000002
GAP:-1.3741911969251303E-14
Iterations:244
NumberOfColumns:4340
NumberOfColumns_IniStep:200
NumberOfColumns_Additional:4140
NumberOfCuts:0
ComputationalTime:5.527365592
