Instance:R-102_25
Configuration:1_4
UpperBound:547.1000000000001
LowerBound:547.1
GAP:2.0779900881304334E-14
Iterations:19
NumberOfColumns:148
NumberOfColumns_IniStep:50
NumberOfColumns_Additional:98
NumberOfCuts:14
ComputationalTime:0.255469802
