Instance:C-105_100
Configuration:1_4
UpperBound:827.3000000000001
LowerBound:827.3
GAP:1.3741911969251303E-14
Iterations:218
NumberOfColumns:3086
NumberOfColumns_IniStep:200
NumberOfColumns_Additional:2886
NumberOfCuts:0
ComputationalTime:2.872407068
