Instance:R-103_100
Configuration:1_4
UpperBound:1208.6999999999998
LowerBound:1208.6999999999998
GAP:0.0
Iterations:152
NumberOfColumns:1886
NumberOfColumns_IniStep:200
NumberOfColumns_Additional:1686
NumberOfCuts:320
ComputationalTime:14.768156287
