Instance:RC-101_50
Configuration:1_4
UpperBound:943.9999999999998
LowerBound:943.9999999999993
GAP:4.817238886509155E-14
Iterations:159
NumberOfColumns:1086
NumberOfColumns_IniStep:100
NumberOfColumns_Additional:986
NumberOfCuts:1017
ComputationalTime:9.993446829
