Instance:R-105_25
Configuration:1_4
UpperBound:530.5000000000001
LowerBound:530.5
GAP:2.1430129636496888E-14
Iterations:21
NumberOfColumns:161
NumberOfColumns_IniStep:50
NumberOfColumns_Additional:111
NumberOfCuts:0
ComputationalTime:0.230218212
