Instance:R-103_50
Configuration:1_4
UpperBound:772.9
LowerBound:772.8999999999997
GAP:2.9418252742040636E-14
Iterations:59
NumberOfColumns:594
NumberOfColumns_IniStep:100
NumberOfColumns_Additional:494
NumberOfCuts:103
ComputationalTime:1.267315265
