Instance:R-103_100
Configuration:1_4
UpperBound:1208.6999999999998
LowerBound:1208.6999999999998
GAP:0.0
Iterations:147
NumberOfColumns:1927
NumberOfColumns_IniStep:200
NumberOfColumns_Additional:1727
NumberOfCuts:331
ComputationalTime:13.538592449
