Instance:R-104_50
Configuration:1_4
UpperBound:625.4000000000001
LowerBound:625.4000000000001
GAP:0.0
Iterations:73
NumberOfColumns:739
NumberOfColumns_IniStep:100
NumberOfColumns_Additional:639
NumberOfCuts:249
ComputationalTime:5.549531296
