Instance:R-103_100
Configuration:1_4
UpperBound:1208.7
LowerBound:1208.6999999999998
GAP:1.881142346680169E-14
Iterations:173
NumberOfColumns:1989
NumberOfColumns_IniStep:200
NumberOfColumns_Additional:1789
NumberOfCuts:244
ComputationalTime:20.820366417
