Instance:C-109_100
Configuration:1_4
UpperBound:827.3
LowerBound:827.3000000000001
GAP:-1.3741911969251304E-14
Iterations:234
NumberOfColumns:4677
NumberOfColumns_IniStep:200
NumberOfColumns_Additional:4477
NumberOfCuts:0
ComputationalTime:8.925703567
