Instance:R-105_50
Configuration:1_4
UpperBound:899.3000000000001
LowerBound:899.3000000000001
GAP:0.0
Iterations:113
NumberOfColumns:677
NumberOfColumns_IniStep:100
NumberOfColumns_Additional:577
NumberOfCuts:110
ComputationalTime:1.413682096
