Instance:R-112_50
Configuration:1_4
UpperBound:630.2
LowerBound:630.1999999999999
GAP:1.803980287553412E-14
Iterations:153
NumberOfColumns:1111
NumberOfColumns_IniStep:100
NumberOfColumns_Additional:1011
NumberOfCuts:848
ComputationalTime:129.329832567
