Instance:R-105_50
Configuration:1_4
UpperBound:899.3000000000001
LowerBound:899.3000000000001
GAP:0.0
Iterations:100
NumberOfColumns:640
NumberOfColumns_IniStep:100
NumberOfColumns_Additional:540
NumberOfCuts:157
ComputationalTime:1.217132377
