Instance:R-104_50
Configuration:1_4
UpperBound:625.4000000000001
LowerBound:625.4000000000001
GAP:0.0
Iterations:78
NumberOfColumns:732
NumberOfColumns_IniStep:100
NumberOfColumns_Additional:632
NumberOfCuts:269
ComputationalTime:5.953321597
