Instance:R-111_50
Configuration:1_4
UpperBound:707.2
LowerBound:707.1999999999999
GAP:1.607562750588462E-14
Iterations:71
NumberOfColumns:746
NumberOfColumns_IniStep:100
NumberOfColumns_Additional:646
NumberOfCuts:396
ComputationalTime:5.275791008
