Instance:C-104_25
Configuration:1_4
UpperBound:186.89999999999998
LowerBound:186.89999999999998
GAP:0.0
Iterations:77
NumberOfColumns:871
NumberOfColumns_IniStep:50
NumberOfColumns_Additional:821
NumberOfCuts:0
ComputationalTime:1.610348286
