Instance:R-103_100
Configuration:1_4
UpperBound:1208.6999999999998
LowerBound:1208.7000000000003
GAP:-3.762284693360339E-14
Iterations:307
NumberOfColumns:2981
NumberOfColumns_IniStep:200
NumberOfColumns_Additional:2781
NumberOfCuts:309
ComputationalTime:16.400368495
