Instance:RC-103_100
Configuration:1_4
UpperBound:1376.0
LowerBound:1225.5437877007441
GAP:10.934317754306386
Iterations:84
NumberOfColumns:1607
NumberOfColumns_IniStep:200
NumberOfColumns_Additional:1407
NumberOfCuts:0
ComputationalTime:9.44187686
