Instance:R-101_100
Configuration:1_4
UpperBound:1646.6999999999998
LowerBound:1631.1499999999999
GAP:0.9443128681605609
Iterations:54
NumberOfColumns:912
NumberOfColumns_IniStep:200
NumberOfColumns_Additional:712
NumberOfCuts:0
ComputationalTime:1.07409062
