Instance:C-103_25
Configuration:1_4
UpperBound:190.3
LowerBound:190.29999999999998
GAP:1.493521252254546E-14
Iterations:96
NumberOfColumns:1033
NumberOfColumns_IniStep:50
NumberOfColumns_Additional:983
NumberOfCuts:0
ComputationalTime:0.960416396
