Instance:R-103_50
Configuration:1_4
UpperBound:772.8999999999999
LowerBound:772.8999999999999
GAP:0.0
Iterations:61
NumberOfColumns:636
NumberOfColumns_IniStep:100
NumberOfColumns_Additional:536
NumberOfCuts:98
ComputationalTime:1.328562909
